40753679
40753686
40776203
40776204
40777060
40777063
40777065
40777069
40777073
40777079
40809740
40809741
40958733
40958737
40958748
40958749
40958756
40958764
40958767
40966448
41007548
41007581
41007582
41007602
41007603
41007608
41007613
41045408
41048068
41048071
41048074
41048083
41048085
41048093
41048095
41048097
41048103
41048113
41048120
41048124
41048129
41048142
41048143
41048147
41048149
41048158
41048159
41048169
41048172
41048173
41048180
41048181
41048182
41048190
41048193
41048196
41048223
41048225
41048229
41048230
41048231
41048236
41048240
41048242
41048246
41048247
41048249
41048251
41048262
41048264
41048265
41069053
41069054
41069055
41069072
41069076
41069077
41069080
41069085
41069087
41069088
41069093
41069098
41069099
41069100
41069111
41069115
41069117
41069125
41069127
41069128
41069130
41069132
41069134
41069135
41069140
41069142
41069144
41069146
41069157
41069161
41069162
41069164
41069165
41069168
41069175
41069178
41069181
41097978
41097980
41097983
41097984
41097985
41097986
41097991
41097992
41097994
41098000
41098001
41098005
41098042
41098045
41098046
41098047
41098048
41098053
41098076
41098085
41098086
41098093
41098100
41098103
41098106
41098110
41098139
41098140
41098141
41098144
41098145
41098149
41098151
41098157
41098158
41098162
41098166
41098169
41098171
41098176
41098178
41098182
41098184
41098186
41098190
41098191
41124801
41124824
41124839
41124848
41124857
41124891
41124899
41124913
41124918
41124923
41124934
41125011
41125040
41125064
41125085
41125106
41125111
41125120
41125124
41125135
41125199
41125231
41125248
41125262
41125272
41125285
41125294
41125303
41125316
41125380
41125385
41125388
41125438
41125451
41125469
41125478
41125483
41125501
41125508
41125512
41125525
41125536
41125543
41125564
41125579
41125584
41125591
41125611
41125638
41125642
41125829
41125837
41125852
41125867
41125886
41125923
41125932
41125937
41125961
41125972
41125976
41126297
41126305
41126307
41126312
41126330
41126341
41126347
41126359
41126367
41126369
41126374
41126383
41126386
41126390
41126394
41126401
41126410
41126417
41126439
41126446
41126447
41126451
41126453
41126458
41126461
41126466
41126467
41126494
41126498
41126500
41126510
41126514
41126516
41126518
41126521
41126526
41126531
41126533
41126534
41126541
41126543
41126546
41126550
41126554
41126559
41126567
41126575
41126580
41126585
41126589
41126592
41126597
41126598
41126603
41126611
41126619
41126621
41126644
41126645
41126648
41126665
41126667
41126678
41126681
41126683
41126684
41126686
41126689
41126697
41126700
41126705
41126709
41126714
41126722
41126723
41126727
41126728
41126729
41126739
41126742
41126744
41126754
41126757
41126758
41126777
41126779
41126783
41126786
41126790
41126792
41126795
41126798
41126805
41126811
41126813
41126819
41126825
41126829
41126831
41126856
41126859
41126860
41126862
41126867
41126869
41126872
41126885
41126894
41126895
41126897
41126901
41126903
41126908
41126915
41126916
41126941
41126944
41126947
41126968
41126970
41126973
41126979
41126980
41126983
41126992
41126998
41127000
41127001
41127005
41127016
41127025
41127027
41127057
41127059
41127065
41127074
41127082
41127085
41127098
41127100
41127101
41159362
41159368
41159369
41159375
41159381
41159382
41159391
41159394
41159401
41159403
41159410
41159412
41159415
41159420
41159425
41159448
41159449
41159453
41159454
41159458
41159465
41159466
41159488
41159493
41159499
41159521
41159526
41159579
41159586
41159589
41159601
41159608
41159611
41159612
41159618
41159621
41159623
41159630
41159632
41159637
41159639
41159641
41159643
41159648
41159653
41159654
41159664
41159669
41159671
41159672
41159675
41159677
41159687
41159692
41159693
41159694
41159702
41159703
41159704
41159716
41159717
41159723
41159724
41159757
41159762
41159764
41159771
41159772
41159782
41159823
41159826
41159828
41159830
41159832
41159844
41159846
41159847
41159848
41159850
41159853
41159856
41159861
41159862
41159863
41159865
41159868
41159870
41159871
41159873
41159882
41159886
41159887
41165734
41165735
41165738
41249056
41249057
41249059
41249060
41249063
41249065
41254538
41254548
41254551
41254555
41254564
41254579
41254611
41254615
41254618
41254622
41254632
41254648
41254656
41254673
41254682
41254686
41254697
41254708
41254720
41254725
41254727
41254778
41254780
41254783
41254810
41254815
41254824
41254874
41254879
41254893
41254906
41254925
41254934
41254940
41254954
41254956
41291626
41291628
41291631
41291635
41291636
41291637
41291639
41291642
41291643
41392191
41392195
41392198
41418135
41418138
41418140
41418142
41418155
41418162
42444474
42444477
42444490
42444499
42444501
42444503
42444511
42444512
42444513
42444514
42444515
42444517
42444519
42444524
42444526
42444574
42444579
42444588
42444692
42444695
42444696
42444703
42444706
42444708
42444709
42444711
42444712
42444716
42444719
42444721
42444733
42444735
42444738
42444748
42444750
42444751
42444754
42444755
42444758
42444762
42444767
42444768
42444769
42444770
42444771
42444781
42444787
42444789
42444791
42444793
42444794
42444806
42444808
42444810
42444814
42444816
42444819
42444821
42444822
42444826
42444834
42444836
42444837
42444845
42444849
42444851
42444855
42444858
42444859
42444860
42444866
42444869
42444872
42444873
42444875
42444876
42444883
42444885
42444887
42444891
42444892
42444896
42444904
42444907
42444908
42444913
42444916
42444917
42444923
42444924
42444925
42444928
42444932
42444933
42444996
42444997
42444998
42445002
42445007
42445008
42445040
42445044
42445047
42445051
42445055
42445056
42445057
42445060
42445063
42445071
42445072
42445075
42445078
42445079
42445081
42445086
42445088
42445092
42445100
42445103
42445105
42445125
42445128
42445129
42445132
42445135
42445137
42445147
42445149
42445152
42445168
42445169
42445173
42445174
42445177
42445180
42445198
42445205
42445206
42445211
42445428
42445432
42445438
42445444
42445445
42445451
42445454
42445462
42445471
42445474
42445476
42445478
42445479
42445482
42445483
42445484
42445487
42445494
42445498
42445500
42445502
42445512
42445513
42445521
42445583
42445584
42445585
42445587
42445590
42445592
42445594
42445597
42445599
42445602
42445611
42445612
42445613
42445615
42445619
42445627
42445633
42445639
42445642
42445670
42445676
42445677
42445680
42445684
42445689
42445691
42445692
42445695
42445697
42445698
42445699
42445707
42445716
42445718
42445720
42445721
42445723
42445728
42445729
42445736
42445745
42445758
42445766
42445769
42445770
42445771
42445775
42445781
42445782
42445783
42445784
42445785
42445788
42445790
42445794
42445796
42445799
42445802
42445804
42445806
42445834
42445841
42445843
42445848
42445862
42445864
42445865
42445869
42445872
42445873
42445877
42445881
42445882
42445884
42445894
42445896
42445902
42445903
42445913
42445916
42445918
42445920
42445922
42445924
42445927
42445931
42445935
42445938
42445954
42445955
42445964
42445970
42445978
42445987
42445997
42445999
42446008
42446017
42446023
42446025
42446031
42446036
42446039
42446048
42446050
42446057
42446061
42446068
42446072
42446074
42446078
42446080
42446097
42446105
42446117
42446131
42446140
42446142
42446154
42446159
42446442
42446444
42446445
42446446
42446450
42446462
42446466
42446467
42446468
42446478
42446485
42446488
42446492
42446493
42446495
42446497
42446498
42446558
42446561
42446574
42446576
42446579
42446586
42446588
42446589
42446595
42446598
42446605
42446607
42446608
42447199
42447202
42447203
42447205
42447210
42447214
42447216
42447221
42447226
42447230
42447233
42447250
42447258
42447264
42447275
42447287
42447294
42447307
42447308
42447310
42447320
42447329
42447336
42897405
42897409
42897410
42897418
42897419
42897422
42897426
42897434
42897436
42897439
42897442
42897452
42897455
42897462
42897467
42897478
42897479
42897480
42897482
42897490
42897509
42897512
42897523
42897537
42897547
42897560
42897583
42897587
42897590
42897595
42897598
42897600
42897605
42897607
42897622
42897625
42897628
42897631
42897633
42897634
42897643
42897653
42897655
42897666
42897668
42897671
42897675
42897677
42897681
42897709
42897712
42897713
42897720
42897722
42897728
42897732
42897735
42897736
42897737
42897738
42897739
42897743
42897744
42897745
42897755
42897756
42897757
42897769
42897771
42897772
42897776
42897777
42897780
42897783
42897784
42897785
42897798
42897802
42897804
42897815
42897818
42897822
42897827
42897829
42897830
42897838
42897840
42897849
42897851
42897857
42897859
42897870
42897873
42897875
42897876
42897877
42897888
42897890
42897892
42897898
42897907
42897911
42897913
42897916
42897921
42897924
42897925
42897928
42897930
42897931
42897934
42897936
42897939
42897942
42897945
42897947
42897948
42897951
42897954
42897955
42897960
42897967
42897971
42897973
42897979
42897982
42897984
42897986
42897990
42897994
42897996
42898006
42898007
42898009
42898021
42898023
42898024
42898037
42898039
42898041
42898043
42898045
42898046
42898050
42898052
42898055
42898057
42898059
42898061
42898065
42898067
42898068
42898070
42898071
42898075
42898083
42898087
42898089
42898094
42898097
42898098
42898100
42898109
42898112
42898120
42898123
42898125
42898132
42898135
42898141
42898156
42898160
42898162
42898163
42898166
42898169
42898171
42898182
42898189
42898190
42898191
42898195
42898203
42898210
42898212
42898213
42898215
42898216
42898221
42898230
42898234
42898235
42898236
42898242
42898247
42898248
42898250
42898254
42898256
42898261
42898332
42898334
42898337
42898340
42898342
42898343
42898345
42898348
42898349
42898350
42898358
42898360
42898364
42898366
42898370
42898372
42898374
42898376
42898377
42898379
42898382
42898384
42898386
42898388
42898391
42898392
42898393
42898405
42898407
42898408
42898419
42898420
42898427
42898438
42898439
42898442
42898444
42898447
42898448
42898449
42898454
42898458
42898461
42898470
42898472
42898477
42898500
42898501
42898502
42898506
42898510
42898511
42898526
42898530
42898541
42898551
42898555
42898558
42898560
42898571
42898577
42898586
42898587
42898596
42898612
42898616
42898618
42898621
42898622
42898625
42898629
42898633
42898635
42898651
42898653
42898655
42898667
42898668
42898671
42898676
42898677
42898679
42898680
42898681
42898684
42898686
42898687
42898689
42898695
42898696
42898701
42898710
42898711
42898712
42898714
42898715
42898716
42898720
42898722
42898723
42898728
42898729
42898738
42898740
42898745
42898750
42898751
42898752
42898754
42898756
42898760
42898762
42898765
42898768
42898782
42898785
42898786
42898791
42898792
42898794
42898796
42898799
42898801
42898802
42898803
42898808
42898899
42898903
42898917
42898929
42898930
42898931
42898936
42898937
42898938
42898941
42898942
42898943
42898958
42898959
42898966
42898971
42898972
42898976
42898977
42898979
42898980
42898983
42898984
42898988
42898990
42899002
42899003
42899011
42899019
42899020
42899021
42899022
42899024
42899025
42899027
42899030
42899031
42899034
42899041
42899043
42899046
42899053
42899055
42899057
42899060
42899063
42899065
42899067
42899071
42899072
42899109
42899111
42899112
42899118
42899119
42899120
42899125
42899126
42899128
42899132
42899137
42899139
42899140
42899141
42899144
42899154
42899161
42899162
42899163
42899165
42899168
42899175
42899177
42899178
42899184
42899185
42899187
42899198
42899202
42899209
42899210
42899211
42899214
42899215
42899216
42899220
42899221
42899232
42899233
42899235
42899236
42899243
42899245
42899247
42899248
42899250
42899259
42899260
42899263
42899264
42899265
42899268
42899270
42899271
42899280
42899282
42899284
42899285
42899287
42899292
42899295
42899300
42899305
42899307
42899311
42899312
42899313
42899316
42899317
42899318
42899324
42899325
42899327
42899333
42899336
42899340
42899352
42899353
42899357
42899358
42899360
42899362
42899364
42899422
42899428
42899430
42899432
42899433
42899435
42899437
42899439
42899440
42899445
42899448
42899450
42899452
42899453
42899455
42899470
42899474
42899477
42899483
42899486
42899489
42899490
42899491
42899498
42899511
42899513
42899515
42899517
42899525
42899526
42899531
42899532
42899533
42899535
42899540
42899542
42899543
42899550
42899559
42899562
42899563
42899567
42899569
42899573
42899574
42899577
42899582
42899584
42899586
42899598
42899599
42899600
42899603
42899624
42899630
42899632
42899640
42899642
42899643
42899650
42899653
42899654
42899657
42899663
42899664
42899666
42899668
42899670
42899750
42899753
42899756
42899760
42899763
42899765
42899767
42899768
42899770
42899774
42899775
42899778
42899780
42899789
42899795
42899797
42899799
42899800
42899801
42899811
42899814
42899817
42899819
42899821
42899822
42899828
42899829
42899844
42899849
42899851
42899854
42899860
42899861
42899864
42899866
42899867
42899869
42899870
42899875
42899879
42899886
42899887
42899898
42899900
42899905
42899906
42899909
42899912
42899913
42899916
42899920
42899922
42899924
42899935
42899936
42899938
42899944
42899950
42899951
42899953
42899955
42899957
42899968
42899970
42899975
42899977
42923203
42923204
42923207
42923208
42923211
42923224
42923225
42923226
42923228
42923229
42923232
43649382
43649384
43649391
43649393
43649397
43649399
43649403
43649408
43649409
43649417
43649421
43649425
43649426
43649440
43649451
43649452
43649459
43649463
43649464
43649471
43649474
43649478
43649480
43649484
43649486
43649586
43649589
43649590
43649597
43649598
43649603
43649605
43649609
43649612
43649613
43649614
43649615
43649633
43649634
43649639
43649643
43649647
43649648
43649654
43649660
43649662
43649680
43649681
43649685
43649686
43649688
43649692
43649707
43649714
43649720
43649722
43649727
43649729
43649732
43649742
43649743
43649754
43649755
43649756
43649762
43649763
43649767
43649772
43649774
43649775
43649787
43649794
43649798
43649802
43649804
43649807
43828138
43828142
43828144
43828149
43828150
43828154
43828162
43828167
43828168
43828230
43828231
43828233
43828243
43828245
43828250
43828252
43828253
43828254
43828261
43828262
43828265
43828270
43828272
43828282
43828307
43828311
43828320
43828323
43828324
43828328
43828334
43828339
43828340
43828345
43828350
43828351
43828360
43828361
43828362
43828366
43828368
43828369
43828380
43828381
43828382
43828390
43828391
43828393
43828402
43828404
43828405
43828420
43828421
43828423
43828435
43828437
43828439
43828441
43828442
43828449
43828455
43828456
43828457
43828460
43828463
43828464
43828476
43828478
43828486
43828493
43828496
43828498
43828504
43828505
43828506
43828507
43828514
43828517
43828520
43828552
43828554
43828555
43828562
43828564
43828565
43828571
43828572
43828576
43828583
43828584
43828586
43828587
43828592
43828593
43828596
43895863
43895865
43895868
43895882
43895884
43895886
43895892
43895895
43895896
43895904
43895908
43895910
43895911
43895912
43895917
43895919
43895920
43895921
43895936
43895938
43895943
43895946
43895947
43895949
43895956
43895960
43895969
43895975
43895977
43895987
43895994
43895995
43895999
43896009
43896010
43896018
43896019
43896020
43896024
43896031
43896035
43896038
43896042
43896043
43896055
43896063
43896066
43896069
43896074
43896075
43896083
43896089
43896096
43896097
43896101
43896103
43896117
43896121
43896122
43896126
43896133
43896138
43896160
43896161
43896162
43896169
43896170
43896174
43896176
43896177
43896183
43896186
43896187
43896188
43896195
43896196
43896199
43896202
43896205
43896209
43896215
43896216
43896217
43896224
43896231
43896232
43896234
43896244
43896247
43896249
43896251
43896252
43896256
43896260
43896263
43896264
43896280
43896282
43896284
43896304
43896308
43896310
43896321
43896326
43896327
43896330
43896332
43896339
43896344
43896346
43896347
43896351
43896354
43896358
43896362
43896365
43896371
43896378
43896379
43896382
43896384
43896386
43896390
43896395
43896396
43896398
43896404
43896411
43896412
43896416
43896418
43896419
43896426
43896429
43896432
43896446
43896449
43896452
43896461
43896466
43896469
43896476
43896477
43896478
43896482
43896484
43896487
43896490
43896491
43896494
43896510
43896512
43896515
43896516
43896517
43896518
43896522
43896536
43896538
43896539
43896545
43896550
43896551
43896556
43896558
43896567
43896568
43896576
43896587
43896589
43896591
44358105
44358111
44358112
44358117
44358118
44358121
44358162
44358167
44358168
44358170
44358173
44358176
44358204
44358207
44358212
44358220
44358222
44358225
44358227
44358230
44358234
44358235
44358238
44358241
44358243
44358250
44358252
44358253
44358256
44358257
44358258
44358259
44358263
44358268
44358270
44358274
44358278
44358281
44358289
44358291
44358295
44358297
44358302
44358306
44358324
44358327
44358328
44358333
44358336
44358338
44358340
44358341
44358345
44358360
44358361
44358362
44358367
44358368
44358373
44358378
44358380
44358386
44358389
44358392
44358397
44358406
44358407
44358410
44358423
44358426
44358428
44358460
44358471
44358472
44358473
44358474
44358480
44358540
44358553
44358557
44358561
44358564
44358567
44358574
44358575
44358576
44358593
44358594
44358596
44358599
44358604
44358617
44358620
44358624
44358627
44358630
44358631
44358634
44358645
44358647
44358660
44358661
44358673
44358691
44358693
44358698
44358700
44358707
44358718
44358719
44358720
44358728
44358729
44358731
44796189
44796190
44796191
44796197
44796198
44796201
44796208
44796210
44796212
44796214
44796216
44796221
44796226
44796227
44796230
44796235
44796236
44796237
44796244
44796245
44796246
44796252
44796254
44796257
44796271
44796279
44796280
44796282
44796285
44796291
44796292
44796297
44796298
44796303
44796304
44796310
44796311
44796319
44796324
44796326
44796332
44796340
44796343
44796348
44796349
44796355
44796358
44796366
44796367
44796374
44796379
44796387
44796391
44796392
44796396
44796411
44796412
44796422
44796427
44796428
44796432
44796438
44796443
44796446
44796450
44796451
44796455
44796463
44796464
44796466
44796473
44796475
44796477
44796481
44796483
44796484
44796485
44796487
44796488
44796491
44796492
44796498
44796505
44796507
44796514
44796517
44796520
44796521
44796562
44796568
44796572
44796575
44796576
44796579
44796584
44796585
44796590
44796594
44796596
44796598
44796684
44796691
44796692
44796709
44796721
44796722
44796730
44796744
44796745
44796750
44796751
44796752
45260872
45260873
45260877
45260889
45260890
45260891
45260892
45260938
45260946
45260947
45260951
45260952
45260957
45260976
45260981
45260984
45260993
45260999
45261000
45261007
45261008
45261010
45261024
45261025
45261027
45261035
45261039
45261042
45261054
45261059
45261060
45261061
45261064
45261066
45261072
45261073
45261078
45261080
45261087
45261089
45261096
45261099
45261100
45261108
45261153
45261158
45261164
45261167
45261169
45261172
45261201
45261203
45261206
45261219
45261228
45261230
45261241
45261246
45261248
45261251
45261252
45261257
45261263
45261265
45261269
45261275
45261277
45261281
45261288
45261289
45261290
45261292
45261294
45261297
45261313
45261314
45261317
45261323
45261324
45261326
45261329
45261331
45261332
45261339
45261343
45261344
45261355
45261357
45261358
45261378
45261381
45261382
45261384
45261390
45261392
45261395
45261397
45261399
45261406
45261407
45261413
45261452
45261455
45261457
45261485
45261486
45261490
45261495
45261499
45261502
45261507
45261509
45261515
45261522
45261524
45261527
45261532
45261533
45261541
45261555
45261556
45261562
45261565
45261569
45261571
45261598
45261600
45261601
45261641
45261644
45261645
45261651
45261653
45261658
45261662
45261665
45261666
45261672
45261675
45261677
45261681
45261682
45261686
45261688
45261689
45261695
45261709
45261710
45261713
45261722
45261725
45261728
45662791
45662796
45662800
45662805
45662806
45662809
45662812
45662813
45662816
45662826
45662829
45662831
45662833
45662835
45662839
45662846
45662847
45662851
45662870
45662874
45662875
45662882
45662884
45662886
45662890
45662891
45662897
45662905
45662908
45662912
45662950
45662951
45662956
45662959
45662960
45662962
45662995
45662996
45662998
45663007
45663009
45663010
45663044
45663051
45663052
45663053
45663064
45663065
45663205
45663206
45663216
45663218
45663248
45663250
45663255
45663257
45663258
45663262
45663312
45663313
45663317
45663322
45663330
45663332
45663340
45663342
45663343
45663347
45663349
45663363
45663368
45663376
45663377
45663381
45663386
45663387
45663397
45663398
45663401
45663404
45663409
45663415
47115118
47115126
47115127
47115129
47115131
47115132
47115135
47115136
47115137
47115143
47115148
47115150
47115154
47115156
47115158
47115161
47115165
47115166
47115174
47115177
47115180
47115194
47115195
47115197
47115198
47115199
47115201
47115205
47115216
47115217
47115222
47115227
47115235
47115238
47115240
47115244
47115255
47115256
47115258
47115260
47115262
47115265
47115276
47115283
47115287
47115299
47115300
47115304
47115316
47115321
47115322
47115334
47115336
47115338
47115350
47115352
47115358
47115361
47115362
47115363
47115376
47115379
47115384
47115391
47115394
47115401
47115412
47115415
47115416
47115422
47115424
47115427
47115431
47115442
47115445
47115448
47115482
47115486
47115491
47115501
47115504
47115508
47115517
47115518
47115519
47115573
47115574
47115575
47115624
47115628
47115634
47115648
47115649
47115650
47204271
47204274
47204275
47204289
47204291
47204296
47204303
47204304
47204305
47204316
47204319
47204322
47204325
47204329
47204330
47204335
47204341
47204342
47204350
47204362
47204363
47204376
47204377
47204381
47204387
47204390
47204392
47204394
47204398
47204402
47204407
47204408
47204414
47204420
47204421
47204426
47204428
47204436
47204437
47204445
47204449
47204451
47204453
47204473
47204474
47204481
47204482
47204493
47204494
47204499
47204505
47204506
47204517
47204519
47204522
47204524
47204529
47204533
47204535
47204585
47204589
47204591
47204622
47204623
47204629
47204656
47204658
47204664
47204670
47204674
47204678
47204680
47204682
47204686
47204724
47204726
47204730
47204734
47204736
47204739
47204741
47204744
47204747
47204757
47204761
47204763
47204780
47204783
47204786
47204791
47204795
47204800
47204813
47204816
47204818
47204820
47204824
47204828
47204830
47204832
47204836
47204840
47204842
47204843
47204850
47204852
47204856
47204857
47204858
47204861
47204863
47204864
47204876
47204887
47204888
47204892
47204896
47204901
47204902
47204919
47204920
47204921
47330990
47330995
47330996
47330997
47331002
47331003
47331006
47331008
47331010
47331020
47331027
47331028
47331034
47331035
47331039
47331040
47331041
47331048
47331049
47331053
47331080
47331084
47331089
47331091
47331093
47331097
47331103
47331105
47331107
47331127
47331128
47331132
47331133
47331134
47331136
47331140
47331144
47331146
47331148
47331154
47331158
47331159
47331165
47331169
47331170
47331173
47331174
47331175
47331177
47331180
47331183
47331187
47331188
47331189
47331201
47331202
47331207
47331211
47331216
47331217
47331220
47331224
47331226
47331231
47331232
47331233
47331239
47331240
47331241
47331251
47331258
47331259
47331273
47331276
47331277
47331279
47331281
47331283
47331292
47331294
47331298
47331343
47331346
47331347
47331355
47331356
47331361
47331362
47331365
47331378
47331380
47331382
47331388
47331390
47331393
47331396
47331397
47331408
47331409
47331414
47331421
47331422
47331423
47331430
47331431
47331432
47331476
47331479
47331480
47331490
47331491
47331493
47331495
47331496
47331498
47331507
47331508
47331512
47331518
47331520
47331522
47331524
47331525
47331527
47331533
47331536
47331539
47331541
47331542
47331544
47331549
47331552
47331557
47331558
47331560
47331561
47331573
47331575
47331576
47331587
47331589
47331591
47331597
47331604
47331607
47331615
47331617
47331618
47331619
47331621
47331622
47331625
47331627
47331631
47331680
47331684
47331686
47331695
47331696
47331697
47331699
47331700
47331705
47331707
47331710
47331711
47331762
47331765
47331766
47331770
47331771
47331772
47331783
47331784
47331789
47331793
47331795
47331796
47331800
47331804
47331812
47331813
47331815
47331818
47331819
47331878
47331880
47331887
47331889
47331891
47331893
47331894
47331899
47331901
47331904
47331909
47331910
47331911
47331915
47331918
47331920
47331921
47331922
47331928
47331934
47331935
47331936
47331938
47331942
47331945
47331946
47331947
47332015
47332016
47332019
47332022
47332025
47332026
47332037
47332041
47332044
47332046
47332048
47332049
47332058
47332059
47332063
47332066
47332072
47332074
47332075
47332079
47332080
47332081
47332083
47332084
47332092
47332093
47332094
47332106
47332107
47332109
47332113
47332115
47332116
47332124
47332125
47332127
47332134
47332136
47332139
47332143
47332146
47332147
47332152
47332156
47332158
47332161
47332162
47332167
47332177
47332183
47332184
47332187
47332190
47332192
47332195
47332197
47332201
47332204
47332207
47332222
47332226
47332228
47332232
47332234
47332235
47332241
47332243
47332244
47332287
47332290
47332295
47332298
47332301
47332305
47332306
47332309
47332311
47332312
47332314
47332316
47332320
47332321
47332323
47332324
47332326
47332383
47332384
47332389
47332396
47332397
47332398
47332400
47332401
47332405
47332409
47332412
47332413
47332415
47332417
47332418
47332430
47332431
47332432
47332436
47332437
47332439
47332449
47332452
47332453
47332454
47332458
47332459
47332461
47332462
47332464
47332467
47332469
47332473
47332480
47332481
47332482
47332487
47332489
47332490
47332493
47332500
47332501
47332503
47332505
47332508
47332519
47332521
47332522
47332526
47332529
47332530
47332545
47332546
47332549
47332552
47332554
47332556
47332557
47332558
47332561
47332562
47332563
47332564
47332581
47332585
47332587
47332591
47332593
47332597
47332598
47332599
47332605
47332606
47332609
47332618
47332622
47332624
47332635
47332636
47332642
47332644
47332645
47332648
47332651
47332653
47332691
47332696
47332697
47332698
47332703
47332704
47332705
47332708
47332710
47332746
47332748
47332751
47332757
47332758
47332759
47332764
47332766
47332769
47332774
47332777
47332778
47332792
47332795
47332796
47332808
47332810
47332812
47332817
47332818
47332819
47332833
47332834
47332837
47332929
47332931
47332932
47332937
47332939
47332940
47332946
47332950
47332951
47332952
47332954
47332956
47332980
47332982
47332983
47332986
47332987
47332988
47332990
47332991
47332992
47333000
47333003
47333005
47333014
47333016
47333018
47333031
47333033
47333035
47333040
47333043
47333045
47333053
47333055
47333056
47333058
47333060
47333061
47333104
47333110
47333111
47333115
47333117
47333119
47333122
47333125
47333133
47333134
47333135
47333138
47333139
47333144
47333148
47333153
47333159
47333164
47333165
47333168
47333174
47333175
47333188
47333189
47333194
47333195
47333199
47333201
47333203
47333205
47333209
47333217
47333219
47333220
47333222
47333224
47333225
47333233
47333239
47333241
47333243
47333244
47333249
47333264
47333265
47333268
47333274
47333275
47333277
47333281
47333283
47333288
47333292
47333293
47333298
47333308
47333310
47333319
47333323
47333324
47333325
47333329
47333331
47333332
47333350
47333351
47333357
47333359
47333360
47333364
47333369
47333370
47333372
47333462
47333463
47333468
47333472
47333473
47333475
47333477
47333479
47333480
47333482
47333484
47333487
47333493
47333494
47333497
47333512
47333513
47333514
47333521
47333523
47333525
47333561
47333562
47333564
47333565
47333568
47333571
47333574
47333581
47333583
47333589
47333590
47333593
47333599
47333600
47333603
47333610
47333612
47333618
47333623
47333624
47333625
47333636
47333637
47333647
47333649
47333653
47333657
47333659
47333660
47333665
47333666
47333668
47333670
47333673
47333674
47333683
47333686
47333687
47333689
47333691
47333692
47333693
47333695
47333699
47333700
47333708
47333717
47333718
47333721
47333722
47333724
47333727
47333731
47333742
47333746
47333747
47333751
47333753
47333754
47333758
47333760
47333761
47333764
47333767
47333771
47333774
47333776
47333778
47333785
47333786
47333787
47333801
47333803
47333806
47333810
47333812
47333815
47333826
47333827
47333828
47333836
47333838
47333840
47333846
47333847
47333851
47333862
47333863
47333864
47333870
47333873
47333875
47333876
47333882
47333884
47333888
47333890
47333892
47333945
47333946
47333949
47333963
47333964
47333965
47333973
47333974
47333975
47333988
47333994
47333996
47333997
47334000
47334001
47334004
47334005
47334006
47334020
47334024
47334025
47334027
47334028
47334032
47334037
47334039
47334040
47334046
47334050
47334052
47334055
47334057
47334058
47334066
47334068
47334069
47334070
47334074
47334079
47334080
47334130
47334131
47334139
47334147
47334148
47334154
47334158
47334161
47334163
47334165
47334167
47334169
47334171
47334172
47334178
47334184
47334185
47334189
47334193
47334194
47334195
47334202
47334205
47334207
47334208
47334209
47334213
47334222
47334226
47334227
47334267
47334273
47334274
47334284
47334285
47334286
47334301
47334305
47334308
47334309
47334311
47334317
47334318
47334319
47334324
47334325
47334326
47334329
47334332
47334333
47334337
47334341
47334342
47334344
47334345
47334347
47334352
47334354
47334356
47334392
47334394
47334395
47334399
47334400
47334412
47334420
47334421
47334459
47334461
47334464
47334469
47334471
47334473
47334480
47334483
47334487
47334489
47334491
47334493
47334498
47334499
47334514
47334525
47334539
47334540
47334543
47334544
47334547
47334548
47334552
47334557
47334558
47334559
47334565
47334566
47334578
47334585
47334587
47334589
47334590
47334595
47334597
47334601
47334608
47334609
47334614
47334615
47334616
47334621
47334624
47334627
47334628
47334629
47334643
47334647
47334649
47334652
47334655
47334659
47334660
47334665
47334666
47334672
47334685
47334689
47334692
47334697
47334698
47334699
47334712
47334713
47334714
47334720
47334721
47334722
47334728
47334729
47334733
47334735
47334736
47334737
47334749
47334754
47334756
47334760
47334761
47334764
47334767
47334768
47334770
47334781
47334783
47334787
47334789
47334794
47334801
47334803
47334805
47334809
47334810
47334817
47334834
47334837
47334840
47334842
47334843
47334844
47334849
47334850
47334853
47334859
47334860
47334861
47334867
47334868
47334869
47334876
47334879
47334880
47334882
47334883
47334887
47334890
47334891
47334892
47334896
47334897
47334900
47334902
47334906
47334907
47334912
47334914
47334917
47334920
47334921
47334934
47334935
47334938
47334941
47334947
47334948
47334957
47334958
47334961
47334963
47334966
47334967
47429646
47429650
47429663
47429664
47429665
47429670
47429671
47429682
47429686
47429688
47429689
47429690
47429692
47429694
47429700
47429701
47429702
47429717
47429720
47429721
47429723
47429725
47429728
47429729
47429736
47429738
47429739
47429750
47429752
47429753
47429756
47429758
47429762
47429764
47429765
47429766
47429771
47429773
47429774
47429786
47429787
47429788
47429798
47429799
47429804
47429806
47429808
47429809
47429816
47429821
47429822
47429824
47429826
47429827
47429830
47429833
47429835
47429841
47429844
47429846
47429851
47429854
47429855
47429860
47429861
47429867
47429870
47429871
47429874
47429883
47429884
47429886
47429888
47429889
47429890
47429939
47429941
47429943
47429947
47429952
47429954
47429955
47429957
47429959
47429961
47429962
47430056
47430058
47430060
47430065
47430067
47430068
47430074
47430077
47430092
47430094
47430097
47430107
47430111
47430114
47430127
47430130
47430132
47430137
47430140
47430141
47430150
47430154
47430155
47430162
47430164
47430165
47430167
47430168
47430169
47430181
47430184
47430188
47430189
47430192
47430198
47430199
47430202
47430209
47430212
47430213
47430217
47430220
47430221
47430228
47430230
47430232
47430235
47430236
47430239
47430246
47430248
47430251
47430262
47430269
47430271
47430280
47430287
47430288
47430293
47430294
47430298
47430310
47430313
47430314
47430318
47430322
47430323
47430326
47430327
47430328
47430382
47430385
47430388
47430389
47430392
47430394
47430395
47430399
47430401
47430402
47430408
47430410
47430414
47430427
47430428
47430439
47430441
47430442
47430449
47430452
47430455
47430496
47430509
47430510
47430514
47430518
47430519
47430521
47430525
47430530
47430531
47430536
47430538
47430539
47430543
47430544
47430552
47430554
47430565
47430566
47430568
47430574
47430577
47430578
47430584
47430585
47430588
47430590
47430598
47430599
47430602
47430608
47430610
47430612
47430613
47430629
47430633
47430636
47430637
47430640
47430646
47430651
47430652
47430657
47430658
47430661
47430677
47430679
47430680
47430683
47430685
47430688
47430689
47430690
47430692
47430694
47430696
47430699
47430702
47430713
47430715
47430716
47430722
47430724
47430726
47430731
47430732
47430735
47430739
47430740
47430745
47430746
47430747
47430751
47430765
47430767
47430769
47430773
47430776
47430777
47430778
47430780
47430784
47430785
47430789
47430791
47430795
47430800
47430802
47430805
47430808
47430809
47430814
47430818
47430820
47430822
47430824
47430828
47430831
47430832
47430834
47430839
47430840
47430844
47430845
47430848
47430850
47430852
47430854
47430855
47430857
47430858
47430860
47430862
47430877
47430878
47430882
47430883
47430884
47430893
47430894
47430896
47430898
47430900
47430901
47430904
47430917
47430918
47430921
47430924
47430928
47430931
47430934
47430935
47430937
47430944
47430948
47430949
47430950
47430962
47430964
47430966
47430971
47430974
47430975
47430978
47430982
47430983
47431031
47431036
47431041
47431043
47431045
47431046
47431047
47431071
47431073
47431076
47431078
47431081
47431082
47431083
47431088
47431090
47431092
47431103
47431106
47431107
47431110
47431113
47431114
47431120
47431123
47431136
47431138
47431143
47431146
47431148
47431151
47431153
47431155
47431158
47431160
47431166
47431167
47431169
47431170
47431173
47431185
47431186
47431190
47431194
47431198
47431200
47431201
47669851
47669854
47669856
47669874
47669876
47669878
47669880
47669881
47669896
47669901
47669903
47669907
47669909
47669911
47669913
47669917
47669925
47669927
47669934
47669936
47669937
47669939
47669943
47669948
47669959
47669960
47669968
47669978
47669980
47669984
47669998
47670001
47670002
47670003
47670008
47670011
47670016
47670023
47670028
47670031
47670038
47670039
47670040
47670044
47670048
47670050
47670053
47670057
47670060
47670063
47670064
47670066
47670073
47670074
47670075
47670100
47670105
47670109
47670116
47670122
47670124
47670133
47670134
47670136
47670149
47670150
47670158
47670168
47670171
47670174
47670179
47670182
47670183
47670184
47670186
47670191
47670195
47670197
47670201
47670208
47670218
47670224
47670232
47670233
47670234
47670242
47670244
47670250
47670269
47670270
47670271
47670288
47670291
47670293
47670295
47670299
47670305
47670311
47670315
47670318
47670323
47670324
47670328
47670334
47670340
47670346
47670350
47670356
47670358
47895179
47895184
47895186
47895187
47895191
47895192
47895196
47895197
47895199
47895201
47895206
47895207
47895219
47895221
47895223
47895231
47895233
47895235
47895245
47895249
47895250
47895258
47895259
47895263
47895272
47895274
47895279
47895285
47895286
47895287
47895298
47895301
47895305
47895306
47895310
47895312
47895316
47895318
47895320
47895325
47895328
47895331
47895446
47895448
47895449
47895459
47895465
47895469
47895472
47895476
47895478
47895480
47895491
47895493
47895494
47895496
47895500
47895502
47895506
47895507
47895508
47895515
47895520
47895521
47895571
47895572
47895574
47895576
47895577
47895579
47895585
47895587
47895589
47895591
47895593
47895595
47895608
47895609
47895610
47895611
47895614
47895618
47895622
47895626
47895633
47895635
47895637
47895653
47895656
47895659
47895662
47895667
47895668
47895672
47895678
47895679
47895680
47895700
47895701
47895702
47895704
47895710
47895712
47895713
47895718
47895719
47895720
47895787
47895789
47895791
47895793
47895796
47895797
47895807
47895811
47895813
47895816
47895818
47895824
47895825
47895826
47895829
47895830
47895833
47895836
47895837
47895859
47895860
47895861
47895864
47895866
47895871
47895876
47895877
47895879
47895891
47895895
47895899
47895900
47895903
47895904
47895910
47895911
47895929
47895931
47895932
47895944
47895946
47895951
47895962
47895967
47895971
47895972
47895975
47895976
47895978
47895979
47895983
48017811
48017814
48017818
48017828
48017829
48017835
48017884
48017887
48017888
48017890
48017893
48017894
48017901
48017903
48017906
48017950
48017956
48017958
48017963
48017967
48017969
48017972
48017974
48017977
48017978
48017981
48017984
48017986
48017996
48017998
48018003
48018005
48018010
48018012
48018013
48018015
48018018
48018023
48018024
48018025
48018059
48018062
48018063
48018065
48018067
48018068
48018071
48018079
48018081
48018084
48018087
48018089
48018090
48018095
48018098
48018102
48018106
48018107
48018109
48018113
48018115
48018119
48018122
48018125
48018126
48018127
48018153
48018155
48018156
48018164
48018165
48018166
48018187
48018188
48018190
48018191
48018196
48018201
48018203
48018206
48018210
48018211
48018213
48018227
48018228
48018233
48018238
48018239
48018241
48018242
48018243
48018245
48018249
48018250
48018252
48018269
48018273
48018276
48018278
48018284
48018285
48018286
48018291
48018304
48018307
48018308
48018311
48018312
48018315
48018317
48018318
48018320
48018328
48018331
48018334
48018339
48018340
48018341
48018396
48018399
48018403
48018404
48018405
48018407
48018411
48018412
48018415
48018420
48018426
48018427
48018440
48018443
48018445
48018451
48018455
48018456
48018458
48018461
48018462
48018468
48018471
48018473
48018484
48018486
48018487
48018491
48018492
48018496
48018500
48018501
48018503
48018506
48018508
48018509
48018512
48018514
48018516
48018522
48018523
48018524
48018530
48018531
48018532
48018537
48018538
48018540
48018542
48018544
48018545
48018549
48018550
48018552
48018580
48018584
48018585
48018590
48018591
48018592
48018596
48018600
48018603
48018608
48018609
48018610
48018612
48018613
48018616
48018617
48018632
48018634
48018639
48018641
48018643
48018644
48018693
48018697
48018699
48018702
48018704
48018706
48018712
48018713
48018716
48018720
48018721
48018722
48018746
48018750
48018751
48018757
48018758
48018760
48018771
48018772
48018774
48018776
48018778
48018780
48018785
48018788
48018789
48018790
48018791
48018800
48018802
48018804
48018808
48018809
48018811
48018815
48018817
48018818
48018825
48018828
48018829
48018832
48018833
48018838
48018844
48018845
48018846
48018851
48018853
48018855
48018869
48018872
48018874
48018880
48018883
48018887
48018889
48018894
48018895
48018899
48018900
48018901
48018915
48018921
48018923
48018928
48018932
48018935
48018937
48458202
48458203
48458206
48458211
48458218
48458219
48458221
48458225
48458228
48458231
48458235
48458245
48458249
48458259
48458260
48458262
48458282
48458283
48458286
48458295
48458297
48458301
48458306
48458307
48458311
48458313
48458315
48458318
48458319
48458329
48458330
48458333
48458337
48458364
48458366
48458369
48458437
48458440
48458447
48458451
48458452
48458455
48458500
48458503
48458506
48458511
48458513
48458519
48458524
48458525
48458528
48458556
48458561
48458562
48458566
48458569
48458572
48458582
48458584
48458587
48458597
48458599
48458602
48458607
48458610
48458614
48458621
48458626
48458633
48458634
48458637
48458639
48458640
48458675
48458678
48458688
48458690
48458693
48458700
48458703
48458704
48458706
48458713
48458714
48458716
48458717
48458719
48458728
48458729
48458730
48458756
48458757
48458762
48458765
48458766
48458772
48458781
48458784
48458785