41069021,000000
41069025,000001
41069042,000002
41069043,000003
41069046,000004
41069048,000005
41125696,000006
41125700,000007
41125709,000008
41125718,000009
41125722,000010
41125731,000011
41125756,000012
41125760,000013
41125763,000014
41142278,000015
41142280,000016
41142281,000017
41159503,000018
41159504,000019
41159508,000020
41159519,000021
41159525,000022
41159529,000023
41159530,000024
41159534,000025
41159538,000026
41159540,000027
41159541,000028
41159553,000029
41159555,000030
41159557,000031
41159558,000032
41159566,000033
41159571,000034
41159572,000035
41254246,000036
41254262,000037
41254269,000038
41254382,000039
41254386,000040
41254398,000041
41254400,000042
41254402,000043
41254405,000044
41254412,000045
41254425,000046
41254432,000047
41254435,000048
41254441,000049
42444946,000050
42444949,000051
42444950,000052
42444953,000053
42444954,000054
42444955,000055
42444966,000056
42444968,000057
42444976,000058
42445021,000059
42445022,000060
42445026,000061
42445028,000062
42445029,000063
42445031,000064
42445429,000065
42445441,000066
42445448,000067
42445966,000068
42445981,000069
42445984,000070
42445988,000071
42445991,000072
42445998,000073
42446016,000074
42446038,000075
42446049,000076
42446056,000077
42446079,000078
42446083,000079
42446093,000080
42446100,000081
42446103,000082
42446104,000083
42446114,000084
42446116,000085
42446137,000086
42446151,000087
42446156,000088
42446163,000089
42446165,000090
42446167,000091
42446517,000092
42446519,000093
42446522,000094
42446527,000095
42446529,000096
42446532,000097
42446533,000098
42446535,000099
42446536,000100
42446540,000101
42446541,000102
42446546,000103
42897501,000104
42897504,000105
42897508,000106
42897521,000107
42897526,000108
42897528,000109
42897538,000110
42897541,000111
42897542,000112
42897545,000113
42897550,000114
42897552,000115
42897554,000116
42897559,000117
42897561,000118
42897564,000119
42897566,000120
42897599,000121
42897629,000122
42897647,000123
42897651,000124
42897667,000125
42897672,000126
42897678,000127
42897688,000128
42897692,000129
42897695,000130
42897696,000131
42898486,000132
42898497,000133
42898508,000134
42898519,000135
42898521,000136
42898527,000137
42898538,000138
42898544,000139
42898554,000140
42898570,000141
42898574,000142
42898581,000143
42898811,000144
42898816,000145
42898817,000146
42898818,000147
42898822,000148
42898826,000149
42898849,000150
42898854,000151
42898862,000152
42898867,000153
42898868,000154
42898869,000155
42899459,000156
42899461,000157
42899471,000158
42899611,000159
42899612,000160
42899613,000161
42899617,000162
42899619,000163
42899620,000164
42899679,000165
42899680,000166
42899685,000167
42899688,000168
42899690,000169
42899691,000170
42899694,000171
42899696,000172
42899698,000173
42899699,000174
42899700,000175
42899712,000176
42899714,000177
42899717,000178
42899720,000179
42899723,000180
42899725,000181
42899726,000182
42899729,000183
42899731,000184
42899734,000185
42899736,000186
42899737,000187
42899739,000188
44358435,000189
44358436,000190
44358440,000191
44358442,000192
44358446,000193
44358448,000194
44358451,000195
44358452,000196
44358455,000197
44358498,000198
44358499,000199
44358505,000200
44358513,000201
44358515,000202
44358518,000203
44358532,000204
44358536,000205
44358538,000206
44358582,000207
44358583,000208
44358584,000209
45260854,000210
45260856,000211
45260857,000212
45260898,000213
45260899,000214
45260900,000215
45260903,000216
45260905,000217
45260914,000218
45260920,000219
45260925,000220
45260928,000221
45261121,000222
45261128,000223
45261129,000224
45261133,000225
45261140,000226
45261142,000227
45261143,000228
45261144,000229
45261150,000230
45261179,000231
45261181,000232
45261182,000233
45261185,000234
45261190,000235
45261193,000236
45261575,000237
45261581,000238
45261615,000239
45261619,000240
45261620,000241
45261631,000242
45261632,000243
45261637,000244
45662921,000245
45662924,000246
45662926,000247
45662942,000248
45662943,000249
45662944,000250
45662970,000251
45662975,000252
45662979,000253
45662981,000254
45662983,000255
45662987,000256
45663099,000257
45663105,000258
45663107,000259
45663113,000260
45663114,000261
45663115,000262
45663149,000263
45663150,000264
45663154,000265
45663164,000266
45663165,000267
45663175,000268
47115452,000269
47115460,000270
47115463,000271
47115469,000272
47115473,000273
47115474,000274
47115525,000275
47115526,000276
47115529,000277
47115543,000278
47115548,000279
47115550,000280
47204552,000281
47204554,000282
47204556,000283
47204559,000284
47204563,000285
47204566,000286
47204573,000287
47204575,000288
47204578,000289
47204605,000290
47204607,000291
47204609,000292
47331061,000293
47331063,000294
47331064,000295
47331068,000296
47331069,000297
47331071,000298
47331262,000299
47331265,000300
47331266,000301
47331311,000302
47331314,000303
47331316,000304
47331319,000305
47331322,000306
47331324,000307
47331331,000308
47331333,000309
47331334,000310
47331336,000311
47331337,000312
47331339,000313
47331644,000314
47331645,000315
47331646,000316
47331651,000317
47331653,000318
47331654,000319
47331661,000320
47331662,000321
47331668,000322
47331963,000323
47331964,000324
47331970,000325
47331971,000326
47331972,000327
47331974,000328
47331988,000329
47331989,000330
47331990,000331
47332000,000332
47332004,000333
47332005,000334
47332885,000335
47332886,000336
47332890,000337
47332893,000338
47332895,000339
47332899,000340
47332901,000341
47332904,000342
47332905,000343
47332908,000344
47332910,000345
47332911,000346
47332915,000347
47332916,000348
47332918,000349
47333431,000350
47333435,000351
47333436,000352
47333440,000353
47333441,000354
47333443,000355
47333452,000356
47333456,000357
47333457,000358
47333898,000359
47333899,000360
47333904,000361
47333916,000362
47333918,000363
47333920,000364
47333927,000365
47333931,000366
47333932,000367
47333934,000368
47333937,000369
47333940,000370
47334091,000371
47334093,000372
47334096,000373
47334102,000374
47334103,000375
47334105,000376
47334107,000377
47334109,000378
47334110,000379
47334115,000380
47334117,000381
47334120,000382
47334234,000383
47334237,000384
47334238,000385
47334239,000386
47334240,000387
47334241,000388
47334252,000389
47334254,000390
47334256,000391
47334360,000392
47334361,000393
47334362,000394
47334367,000395
47334368,000396
47334372,000397
47334379,000398
47334380,000399
47334381,000400
47429904,000401
47429906,000402
47429912,000403
47429913,000404
47429914,000405
47429922,000406
47429925,000407
47429971,000408
47429975,000409
47429977,000410
47429987,000411
47429992,000412
47429995,000413
47429998,000414
47430001,000415
47430002,000416
47430005,000417
47430007,000418
47430023,000419
47430024,000420
47430026,000421
47430033,000422
47430034,000423
47430036,000424
47430038,000425
47430043,000426
47430045,000427
47430047,000428
47430048,000429
47430051,000430
47430419,000431
47430422,000432
47430424,000433
47430468,000434
47430470,000435
47430471,000436
47430475,000437
47430479,000438
47430483,000439
47430485,000440
47430489,000441
47430490,000442
47895341,000443
47895348,000444
47895350,000445
47895353,000446
47895355,000447
47895357,000448
47895364,000449
47895365,000450
47895367,000451
47895371,000452
47895374,000453
47895534,000454
47895536,000455
47895541,000456
47895542,000457
47895547,000458
47895549,000459
47895552,000460
47895554,000461
47895556,000462
47895732,000463
47895735,000464
47895736,000465
47895738,000466
47895739,000467
47895740,000468
47895743,000469
47895745,000470
47895750,000471
47895771,000472
47895776,000473
47895777,000474
47895779,000475
47895782,000476
47895783,000477
48018345,000478
48018346,000479
48018347,000480
48018353,000481
48018356,000482
48018358,000483
48018360,000484
48018361,000485
48018367,000486
48018368,000487
48018372,000488
48018375,000489
48018379,000490
48018381,000491
48018386,000492
48018387,000493
48018559,000494
48018560,000495
48018562,000496
48018566,000497
48018571,000498
48018572,000499
48018730,000500
48018732,000501
48018737,000502
48018741,000503
48018956,000504
48018957,000505
48018960,000506
48018962,000507
48018966,000508
48018970,000509
48018972,000510
48458415,000511
48458417,000512
48458424,000513
48458427,000514
48458428,000515
48458430,000516
48458456,000517
48458465,000518
48458472,000519
48458481,000520
48458484,000521
48458489,000522
48458647,000523
48458650,000524
48458652,000525
48458654,000526
48458656,000527
48458657,000528
48458660,000529
48458663,000530
48458665,000531
48458667,000532
48458732,000533
48458735,000534
48458747,000535
